6.820178980737497954e-01
6.834406936309679326e-01
6.849835287333454481e-01
6.865967847302313354e-01
6.881839775947560245e-01
6.896043740484077977e-01
6.906793483047459770e-01
6.911856134355213177e-01
6.908200113509059825e-01
6.891360798440737678e-01
6.854843149149045800e-01
6.790641012045908198e-01
6.693488705299793784e-01
6.571967326241544560e-01
6.461034190137371347e-01
6.411314746414914501e-01
6.445588972070033229e-01
6.537096858225406315e-01
6.641445401364021173e-01
6.727983136715744994e-01
6.778538300277419104e-01
6.752678813542107861e-01
6.065847755692539423e-01
5.383742485771201292e-01
6.647268194973567912e-01
6.725152739733804008e-01
6.707232911317029256e-01
6.657897060282966795e-01
6.591002942425908673e-01
6.512555345902658610e-01
6.427503851371110244e-01
6.342394670505622223e-01
6.269184976551698263e-01
6.238945552575601017e-01
6.393818129723343180e-01
