1.656852290010542850e-01
1.736876682712523434e-01
1.830915530712458328e-01
1.941002106089128321e-01
2.068789293072385571e-01
2.215893609860860314e-01
2.384628856966785337e-01
2.578941661082990167e-01
2.805298283707253759e-01
3.073355189580120328e-01
3.396254702093247091e-01
3.790063013208042619e-01
4.271114319980380825e-01
4.849369000486139503e-01
5.517513657843989838e-01
6.242076021105479322e-01
6.968892114164988438e-01
7.645630330456788526e-01
8.243341228358789241e-01
8.760256805171657835e-01
9.214926725901904092e-01
9.652800010718838308e-01
1.032011595568655515e+00
9.260055133401746685e-01
9.992396810239517757e-01
1.030096980188052402e+00
1.053590791474093846e+00
1.073939774986299778e+00
1.092481394369823722e+00
1.109855345707996488e+00
1.126464014055209795e+00
1.142654801763675509e+00
1.158906795290059799e+00
1.176393328202070210e+00
1.201215562494568623e+00
