0.17
0.163
0.161
0.16
0.159
0.157
0.15
0.122
0.165
0.161
0.16
0.159
0.158
0.153
0.135
0.167
0.162
0.16
0.16
0.159
0.155
0.143
0.169
0.163
0.161
0.16
0.159
0.157
0.149
0.118
0.165
0.161
0.16
0.159
0.158
0.152
0.133
0.166
0.162
0.16
0.16
0.159
0.155
0.142
0.169
0.163
0.161
0.16
0.159
0.157
0.148
0.114
0.164
0.161
0.16
0.159
0.158
0.152
0.131
0.166
0.162
0.16
0.159
0.158
0.154
0.141
0.168
0.163
0.161
0.16
0.159
0.156
0.147
0.11
0.164
0.161
0.16
0.159
0.158
0.151
0.128
0.166
0.162
0.16
0.159
0.158
0.154
0.139
0.168
0.162
0.161
0.16
0.159
0.156
0.146
0.105
0.164
0.161
0.16
0.159
