0.262
0.261
0.261
0.257
0.241
0.19
0.182
0.136
0.261
0.261
0.259
0.246
0.226
0.185
0.161
0.262
0.261
0.26
0.251
0.234
0.188
0.175
0.262
0.261
0.261
0.256
0.24
0.19
0.181
0.125
0.261
0.261
0.259
0.245
0.191
0.185
0.159
0.262
0.261
0.26
0.25
0.233
0.187
0.174
0.262
0.261
0.26
0.255
0.239
0.189
0.18
0.116
0.261
0.261
0.259
0.244
0.191
0.184
0.156
0.262
0.261
0.26
0.249
0.232
0.187
0.172
0.262
0.261
0.26
0.254
0.238
0.189
0.179
0.109
0.261
0.261
0.258
0.243
0.191
0.183
0.153
0.262
0.261
0.26
0.248
0.23
0.186
0.169
0.262
0.261
0.26
0.254
0.237
0.189
0.178
0.104
0.261
0.261
0.258
0.242
