0.1 0.0 0.0 2.1612710140460428e-07
0.101 0.0017947430395384254 0.0022938356658957484 2.2379900165563313e-07
0.102 0.003567702541765101 0.004447400263151845 2.3179882760359285e-07
0.103 0.005327061569349097 0.006475513636587816 2.4012723581746604e-07
0.104 0.007080056900670257 0.008391005382799065 2.48784793031175e-07
0.105 0.008833155533120474 0.010205018564527638 2.5777199067421983e-07
0.106 0.01059219954800775 0.011927261415094335 2.670892430171976e-07
0.107 0.012362525731183563 0.01356621679830827 2.767368725900421e-07
0.108 0.014149065033877816 0.015129317246216292 2.8671508482744893e-07
0.109 0.01595642592837728 0.016623091851380674 2.9702393270325383e-07
0.11 0.017788964904894865 0.018053290063269993 3.0766327123704137e-07
0.111 0.019650846723237983 0.019424986462804536 3.1863270108708334e-07
0.112 0.021546096542164037 0.020742669815137643 3.299314999226798e-07
0.113 0.0234786456654677 0.02201031908434741 3.415585397933607e-07
0.114 0.025452372350109612 0.023231468602697283 3.5351218829124597e-07
0.115 0.02747113889424344 0.024409264196249947 3.657901908618306e-07
0.116 0.029538826052432878 0.025546511756001866 3.783895311552503e-07
0.117 0.031659365699303645 0.026645719495440975 3.913062657831818e-07
0.118 0.03383677257301986 0.027709134937837956 4.045353292441436e-07
0.119 0.036075175870847825 0.02873877752074301 4.1807030407118537e-07
0.12 0.03837885143836844 0.029736467584732095 4.319031503925653e-07
0.121 0.04075225528434685 0.030703852420777288 4.4602388810119004e-07
0.122 0.043200059168929494 0.03164242998549176 4.604202235846359e-07
0.123 0.04572718904760011 0.032553570848751906 4.750771115150317e-07
0.124 0.04833886721228706 0.033438538916949596 4.899762404202401e-07
0.125 0.05104065905254414 0.034298511473614776 5.050954286380639e-07
0.126 0.053838525466496694 0.0351345990991391 5.204079147177058e-07
0.127 0.056738882090063086 0.0359478660754513 5.358815232840928e-07
0.128 0.05974866668168905 0.036739351949514054 5.514776837889752e-07
0.129 0.06287541621442269 0.03751009502869631 5.671502752915622e-07
0.13 0.06612735548541875 0.03826115871313599 5.828442654418789e-07
0.131 0.06951349937406949 0.03899366174381847 5.98494106048287e-07
0.132 0.07304377127188678 0.039708813665450676 6.140218410742782e-07
0.133 0.07672914068852822 0.04040795708129443 6.293348756270544e-07
0.134 0.08058178363233838 0.041092618620526336 6.443233467736383e-07
0.135 0.08461527009736415 0.04176457095775313 6.588570293186242e-07
0.136 0.0888447839000508 0.042425908727618124 6.727817029609223e-07
0.137 0.0932873812481834 0.04307914176715863 6.85914903197971e-07
0.138 0.09796229586395865 0.04372730979118892 6.980409797735748e-07
0.139 0.1028913003170929 0.0443741233368376 7.089053980793432e-07
0.14 0.10809913560404666 0.045024136548797146 7.182082482262898e-07
0.141 0.11361402415799049 0.04568295801091526 7.255969855159229e-07
0.142 0.11946828575618945 0.046357506166934744 7.306585334893122e-07
0.143 0.12569908182374231 0.047056315583866276 7.32911065433423e-07
0.144 0.13234932249631576 0.04778989884619386 7.317960856878609e-07
0.145 0.13946878449698435 0.048571165357864356 7.266719223143864e-07
0.146 0.1471155102005534 0.04941589142756717 7.168105086045511e-07
0.147 0.1553575967009283 0.05034322372180565 7.014004950046314e-07
0.148 0.16427555356366233 0.0513761776553094 6.795614457232662e-07
0.149 0.173965541575114 0.05254205976802686 6.503762881788371e-07
0.15 0.18454407320245325 0.053872694080757816 6.129523771281673e-07
0.151 0.19615532183815085 0.0554042624392245 5.665253359426751e-07
0.152 0.20898344734552504 0.05717647607353396 5.106234650632352e-07
0.153 0.22327533047906406 0.05923068572224253 4.453119564638173e-07
0.154 0.23938674644919083 0.06160643324472047 3.7153131371033887e-07
0.155 0.25788661842138916 0.06433590243641302 2.91526248650172e-07
0.156 0.2798239607817156 0.06743584277905039 2.093205102833737e-07
0.157 0.30753453427306265 0.07089697585882963 1.3112215550117418e-07
0.158 0.3477307423674439 0.07467183891570249 6.544877742814027e-08
0.159 0.4275741850203055 0.07866358844931241 2.2681450852344642e-08
0.16 0.6207455598078798 0.08272030976568275 1.3772668171348467e-08
0.161 0.7543302908607201 0.08664113232627627 4.804864962003771e-08
0.162 0.8113859166091407 0.09020051287716914 1.304856146546959e-07
0.163 0.8488102336624875 0.0931935518111389 2.5933573388793217e-07
0.164 0.879252547881106 0.09549675716109605 4.2518467330793164e-07
0.165 0.9061182582117163 0.09712622744759533 6.121610030664391e-07
0.166 0.9304669295551989 0.09826491513233467 8.011780649823888e-07
0.167 0.9525797397723027 0.09923420070497062 9.74219238697717e-07
0.168 0.9724486563451227 0.10041042309999534 1.1182415009972256e-06
0.169 0.9899779308176916 0.10212176777103076 1.2274559760628387e-06
0.17 1.0050917843605174 0.10457457729308493 1.3034323486036566e-06
0.171 1.0178014535883275 0.1078362622846429 1.3533404288417127e-06
0.172 1.0282427310314892 0.11186618615493371 1.3872700087070827e-06
0.173 1.0366832279074905 0.11656644723002135 1.4156760702219939e-06
0.174 1.0434998104907274 0.12182805016933523 1.447631483983641e-06
0.175 1.0491337763535749 0.12756152508039015 1.4900492262423581e-06
0.176 1.054038160753091 0.13371208884525937 1.5476618404127137e-06
0.177 1.058632943138776 0.14026423353494974 1.6234169048386794e-06
0.178 1.0632786296543495 0.14724096668463166 1.718993058846403e-06
0.179 1.0682702281688572 0.15470147674841117 1.8352469038270487e-06
0.18 1.0738469388407166 0.16273936858319824 1.972489618707666e-06
0.181 1.0802103664901654 0.17148236306782796 2.1305352401460036e-06
0.182 1.0875448666666963 0.18109344859016735 2.3084606994632748e-06
0.183 1.0960355252002967 0.1917726309246764 2.503981892519588e-06
0.184 1.105880401927015 0.2037572652697598 2.7123001351497766e-06
0.185 1.1172931033809426 0.21731702574878706 2.9242587212712934e-06
0.186 1.1304892792174932 0.23273654884313993 3.123798826929908e-06
0.187 1.1456470634752878 0.2502751804443716 3.2852879771612704e-06
0.188 1.1628301644399184 0.2700921756816688 3.3726485834288183e-06
0.189 1.1818714349466686 0.2921352024917659 3.344076812755637e-06
0.19 1.2022447710292858 0.3160204904363098 3.166106539861257e-06
0.191 1.2229979031782205 0.34097828583767226 2.8343224850699144e-06
0.192 1.2428285171031848 0.3659479317052524 2.3862918696176564e-06
0.193 1.2603020255476431 0.38982372987989594 1.8910051954170408e-06
0.194 1.2740803616225012 0.4117245386863494 1.4193976865049995e-06
0.195 1.283009593725794 0.4311372775051152 1.0191555837168703e-06
0.196 1.2860365018085982 0.44789745139175274 7.085705534841624e-07
0.197 1.2820682893312718 0.46207777430857283 4.846177361185342e-07
0.198 1.2700040723101982 0.47386834889057 3.340035160883733e-07
0.199 1.2492983772938828 0.48348936665819575 2.4099542240713636e-07
0.2 1.2212687967816298 0.4911404559622204 1.913104823224221e-07
0.201 1.19004705489782 0.4969762688631595 1.7340376273521355e-07
0.202 1.1609350033457515 0.5010971505036289 1.7848878109382283e-07
0.203 1.137272906692262 0.5035473406579964 2.0009513996356665e-07
0.204 1.119607713931279 0.5043168540753623 2.3354435474799812e-07
0.205 1.1069923058140225 0.503346055142529 2.7548824047319406e-07
0.206 1.0981858783472602 0.5005342649122214 3.2354566956742157e-07
0.207 1.0921378998564275 0.49575590970781047 3.7603166177531155e-07
0.208 1.0880705800221213 0.48888964083031783 4.31760731160242e-07
0.209 1.0854342399299994 0.4798662284437838 4.899059776424376e-07
0.21 1.0838450141395457 0.4687366595274815 5.498985956357845e-07
0.211 1.0830341075143828 0.45574861344317963 6.113561584630823e-07
0.212 1.0828116930139937 0.4413983304504589 6.740311953012069e-07
0.213 1.0830423566326837 0.42641195143083266 7.377740017699722e-07
0.214 1.0836285910102395 0.4116329731038532 8.025053919103081e-07
0.215 1.0844996682571513 0.39785215228654136 8.681963524918409e-07
0.216 1.0856040658548491 0.3856614909151432 9.348524376569244e-07
0.217 1.0869042424503739 0.37539415264677173 1.0025013525363802e-06
0.218 1.0883729785041183 0.3671502075748739 1.0711826007773043e-06
0.219 1.0899907679553886 0.3608664059904183 1.140938372278694e-06
0.22 1.0917439212892812 0.3563887019221819 1.2118050668972412e-06
0.221 1.093623152535368 0.3535268976521042 1.283805018906802e-06
0.222 1.0956224955675964 0.3520882577975158 1.3569381291651365e-06
0.223 1.097738443051259 0.35189476429532823 1.4311732456775025e-06
0.224 1.0999692336634934 0.3527899403212607 1.5064392722657232e-06
0.225 1.1023142356066642 0.3546398708820459 1.5826161396662622e-06
0.226 1.1047733906985315 0.3573313891951563 1.659525948474332e-06
0.227 1.107346695886312 0.3607691237714033 1.7369247874715516e-06
0.228 1.1100337094446848 0.36487229036907276 1.8144959336769624e-06
0.229 1.1128330783085603 0.36957164939274967 1.8918453301390129e-06
0.23 1.1157420913941642 0.37480680464162136 1.968500379916149e-06
0.231 1.1187562713605532 0.3805239003523685 2.0439131447581126e-06
0.232 1.1218690236830864 0.3866737218849725 2.117468943755893e-06
0.233 1.125071366439551 0.39321018719173884 2.1885010656200487e-06
0.234 1.1283517659887956 0.4000892123594909 2.256311813989364e-06
0.235 1.1316961018925213 0.4072679346632812 2.3201994138911826e-06
0.236 1.1350877784703581 0.41470427542047683 2.3794894878497535e-06
0.237 1.1385079903276851 0.4223568202897134 2.433568987062299e-06
0.238 1.1419361359090274 0.4301849864661621 2.481919801824106e-06
0.239 1.1453503582884996 0.43814943591815403 2.5241489457268043e-06
0.24 1.1487281783281178 0.4462126837966757 2.5600123360423643e-06
0.241 1.152047174520414 0.4543398441799916 2.589429814563536e-06
0.242 1.1552856584126217 0.4624994538344864 2.6124900917807494e-06
0.243 1.1584232957055554 0.47066432025427496 2.629445572434324e-06
0.244 1.161441630950886 0.4788123533255467 2.6406982945742857e-06
0.245 1.1643244870961516 0.4869273599514862 2.646779256304322e-06
0.246 1.1670582280427115 0.49499980683100636 2.6483240498806996e-06
0.247 1.169631890798589 0.5030275878020212 2.6460479055270686e-06
0.248 1.1720372120440792 0.5110168703045523 2.6407229925519486e-06
0.249 1.1742685909969235 0.5189831468324253 2.633160205582958e-06
0.25 1.1763230456950364 0.526952698162766 2.624196722221438e-06
0.251 1.1782002308469093 0.5349648259743771 2.614689260320502e-06
0.252 1.1799025817574968 0.5430755342095883 2.6055107988575674e-06
0.253 1.1814355929621878 0.551364097930921 2.5975446565400465e-06
0.254 1.1828080115142419 0.5599459000705339 2.591662737842197e-06
0.255 1.1840309567496328 0.5690002308389734 2.5886636296881537e-06
0.256 1.185112593581448 0.5788371866118522 2.589140455379621e-06
0.257 1.1860379654217919 0.5900751026909229 2.5933194451560065e-06
0.258 1.1867045600109432 0.6041520038964923 2.601458545257146e-06
0.259 1.1867476203852358 0.6249114115882818 2.6185968012829284e-06
0.26 1.1853463388951033 0.6638787329950554 2.6853639905730938e-06
0.261 1.1848379169452194 0.7566170711247103 2.995464308118719e-06
0.262 1.199516638619976 1.0631336071658457 3.281228035471935e-06
0.263 1.210144785956674 1.3933863224135181 2.9591412192827005e-06
0.264 1.212724671117479 1.4523118576973628 2.685749835823126e-06
0.265 1.2127952388681402 1.4825504360947215 2.5057030630915323e-06
0.266 1.21188203424375 1.502785408512199 2.3811432874248874e-06
0.267 1.210487991850347 1.5180555548209158 2.2918050081584153e-06
0.268 1.208818979375823 1.5303394786993967 2.2260410095681198e-06
0.269 1.2069430019661769 1.540617868880239 2.176626678469166e-06
0.27 1.2048509260874252 1.5494497080525074 2.1391131217491088e-06
0.271 1.2024846858149962 1.557170788723375 2.1109908916995182e-06
0.272 1.1997469177009203 1.5639692702556587 2.091292623138473e-06
0.273 1.196497961900633 1.5699040887592985 2.080604133671496e-06
0.274 1.1925433725718282 1.5748738340481832 2.08164590909037e-06
0.275 1.1876163688551113 1.5785030177244042 2.1009532200158234e-06
0.276 1.1813750805185226 1.5798345569339722 2.153125881608339e-06
0.277 1.1735056213535988 1.5765193572743748 2.2717003407696567e-06
0.278 1.1642947999668878 1.562980152326721 2.5370625609439737e-06
0.279 1.1567417236838484 1.5311851908882772 3.133935246198363e-06
0.28 1.1603191004858677 1.499734528620065 4.297553790552021e-06
0.281 1.1827271175515583 1.5140312416890007 5.4128041122281904e-06
0.282 1.206918079505859 1.5523164536958285 5.2558233889148865e-06
0.283 1.2186239350856203 1.5830105352489836 4.596719855281666e-06
0.284 1.2218225840409962 1.6040102508084721 4.122027779848326e-06
0.285 1.2215061333057025 1.6194891723415221 3.865606651111374e-06
0.286 1.220025446751148 1.6321768715587341 3.7591170768379246e-06
0.287 1.218369172954661 1.6435168518604217 3.7555544924860438e-06
0.288 1.2169952376252196 1.6542907456087481 3.829525964966649e-06
0.289 1.2161648014807638 1.6649503055668777 3.9678663025123835e-06
0.29 1.2160651138005791 1.6757708815229835 4.1633555109727525e-06
0.291 1.2168497495819284 1.6869202240075798 4.410796606408488e-06
0.292 1.2186445927624543 1.6984869063278532 4.704255776097501e-06
0.293 1.2215386647712174 1.7104887659658357 5.0349312309855295e-06
0.294 1.22556924435172 1.7228721669252707 5.389662702218753e-06
0.295 1.2307080183762011 1.735509508312623 5.750455515497049e-06
0.296 1.236854172357707 1.748201159584688 6.0954837667852725e-06
0.297 1.2438388930194089 1.7606865072032756 6.4017233106029715e-06
0.298 1.2514426090231954 1.7726658168288072 6.64868271036501e-06
0.299 1.2594219066885364 1.783830447853481 6.822023795149915e-06
0.3 1.2675393722863877 1.7938954159007434 6.915734418082911e-06
0.301 1.2755887373549306 1.8026274127529394 6.932145845690213e-06
0.302 1.2834101113425005 1.809863604768509 6.880076208615572e-06
0.303 1.2908941657840773 1.8155202286380274 6.7720673771896e-06
0.304 1.2979775840124481 1.8195929139854405 6.621736972530949e-06
0.305 1.3046336082525374 1.8221515698661064 6.441867709208809e-06
0.306 1.3108612482364361 1.8233319028638837 6.243379964160268e-06
0.307 1.3166755594780355 1.8233243543355127 6.035025405756543e-06
0.308 1.3221001794089422 1.822360529550927 5.8235362440624416e-06
0.309 1.3271624325620834 1.8206974800128028 5.6139914500787555e-06
0.31 1.3318908368509148 1.818601190513126 5.410234889548653e-06
0.311 1.3363146529467957 1.8163315394197257 5.215251095433618e-06
0.312 1.340465083326896 1.814131113181137 5.031454681182536e-06
0.313 1.3443777445045004 1.8122193579359775 4.860878849483602e-06
0.314 1.348096042764529 1.810792058674034 4.705262472780433e-06
0.315 1.3516750461349845 1.8100247466074184 4.56603924393058e-06
0.316 1.355185344476079 1.8100778653405885 4.44423035783873e-06
0.317 1.3587162148842706 1.8111014883124432 4.34023708683851e-06
0.318 1.3623771590959162 1.8132378596466956 4.253524960835084e-06
0.319 1.366296566487973 1.8166206950972275 4.182193000505052e-06
0.32 1.370615919580066 1.8213707368633802 4.122440222594385e-06
0.321 1.3754776799120794 1.8275873124239572 4.067994720030462e-06
0.322 1.3810049442666084 1.8353355242822262 4.009680405978633e-06
0.323 1.3872715708291696 1.8446283373335677 3.935475541889393e-06
0.324 1.394263757881608 1.855402967609936 3.831617901690897e-06
0.325 1.401839775629107 1.8674934343453615 3.6853251429157426e-06
0.326 1.4097046413756738 1.880608126034829 3.4891024455595305e-06
0.327 1.4174259451335345 1.8943310299137381 3.245132394422346e-06
0.328 1.4245105841921182 1.9081665631671698 2.966777296623233e-06
0.329 1.4305274175380804 1.9216268729266637 2.675010237038976e-06
0.33 1.4352181871486347 1.9343261694540974 2.3912730001494846e-06
0.331 1.4385368578170912 1.9460354297946905 2.1312239526496663e-06
0.332 1.4406075090474548 1.956679263290089 1.902537539541043e-06
0.333 1.4416419936759675 1.9662939762270375 1.7063172070308317e-06
0.334 1.441865747039316 1.974977787109903 1.5398336254147064e-06
0.335 1.4414744888603719 1.982852607155118 1.3988551430260218e-06
0.336 1.4406196471060888 1.990041700917969 1.2790395844047555e-06
0.337 1.4394108045750786 1.996659654981312 1.1765522747991008e-06
0.338 1.4379248840333567 2.002809707913867 1.0882305478368933e-06
0.339 1.4362162528704505 2.0085848216996793 1.0115379279536763e-06
0.34 1.4343254244068988 2.0140705054103676 9.444428997777082e-07
0.341 1.4322858424950158 2.0193485817032935 8.852815673326302e-07
0.342 1.430128823411411 2.0245018349165425 8.326217507210696e-07
0.343 1.4278865668282972 2.029620018958643 7.851247968187757e-07
0.344 1.4255923286917345 2.0348082725673016 7.41389019637578e-07
0.345 1.423274828416046 2.0401998458103576 6.997479495521034e-07
0.346 1.4209387119799894 2.045976522238111 6.579847063994522e-07
0.347 1.4185077445926575 2.0524026172947627 6.129198577312318e-07
0.348 1.4156590663081157 2.0598815396978614 5.598969498662723e-07
0.349 1.4113077721252845 2.0690402160539763 4.926492923999227e-07
0.35 1.4018929446466823 2.080782729531337 4.063946447528227e-07
0.351 1.3763713095366263 2.095803136333783 3.1696716677368265e-07
0.352 1.321217871344232 2.110708289908917 3.2744562583405677e-07
0.353 1.2861734942742518 2.104822099685236 6.470700904810934e-07
0.354 1.2973862762347022 2.0613855549765683 1.186513502274769e-06
0.355 1.3183468469253625 2.0321299641355104 1.6151206925356125e-06
0.356 1.3353448628609779 2.0257147240878046 1.9135905782186363e-06
0.357 1.3484506961904574 2.0273226578166903 2.1832188683881553e-06
0.358 1.3597018605104902 2.031667833208886 2.5052635671966633e-06
0.359 1.3711612652704215 2.0382372268859026 2.9739149249489767e-06
0.36 1.3863190693552996 2.0499113854483184 3.8103537142281686e-06
0.361 1.419523938258787 2.0807711783796345 5.774713184442988e-06
0.362 1.5414643292011971 2.1591791220493994 5.269616798044579e-06
0.363 1.501046964144981 1.9892271659163836 8.244268732712913e-07
0.364 1.4399315681815066 1.9943091334862764 1.1496682482297562e-06
0.365 1.4342272263935913 1.999266943973315 1.5607269439740554e-06
0.366 1.439568357669908 2.002083634145227 1.87746774358636e-06
0.367 1.4483110648441768 2.0039032423525502 2.124609949362391e-06
0.368 1.4585293620421682 2.005359448465716 2.3209156021228835e-06
0.369 1.4695205434169127 2.0067903885232314 2.476932841058188e-06
0.37 1.480949900373201 2.00837456550545 2.5992406068683665e-06
0.371 1.4926267188052333 2.0101963911453855 2.6928432251891372e-06
0.372 1.5044317992211167 2.012282559503441 2.7622776223004694e-06
0.373 1.5162899704304669 2.0146252720513576 2.8120516646789796e-06
0.374 1.5281579775017247 2.0171980695412652 2.8467665032997084e-06
0.375 1.5400182758477476 2.019966596691627 2.871122119008972e-06
0.376 1.551875556774766 2.0228955948976344 2.8899228445530493e-06
0.377 1.5637550937671927 2.0259531015027887 2.9081571892078424e-06
0.378 1.5757029880537372 2.029112652770757 2.9312141704776926e-06
0.379 1.5877890890143365 2.03235406062705 2.9653205252132317e-06
0.38 1.600114354660251 2.0356629519382183 3.018361378616122e-06
0.381 1.6128265199559353 2.0390284183311813 3.101446672936614e-06
0.382 1.6261531913650604 2.0424356403253148 3.2321037794809404e-06
0.383 1.6404762846643932 2.0458411243115107 3.441461155019447e-06
0.384 1.6565199527377745 2.0490758592700864 3.792695359265619e-06
0.385 1.6759151956856135 2.0513657022222227 4.437622379817474e-06
0.386 1.7034036332652054 2.0477439782866127 5.838457515757364e-06
0.387 1.7597532180045172 1.973646098782939 9.855752297766344e-06
0.388 1.9465327924383886 1.9166757461207917 9.935766534953054e-06
0.389 2.0483558715217325 2.0174553249032083 2.7280388156731345e-07
0.39 1.7400169860079562 2.0432120792028976 1.4212941305095563e-07
0.391 1.735466528797022 2.055074385632513 4.425386754554706e-07
0.392 1.7556600956268882 2.063841166881704 6.350559981064199e-07
0.393 1.7792583862372664 2.072821667350038 6.842839548042429e-07
0.394 1.7980180264712675 2.084081471226516 5.894746953419364e-07
0.395 1.794805843976779 2.0982512608683335 4.554020658989086e-07
0.396 1.77223157369724 2.113277528282942 4.902063943894325e-07
0.397 1.7716335718868625 2.1273652791568516 7.241527842819235e-07
0.398 1.7943706682288085 2.1413346622731777 1.0082456463735857e-06
0.399 1.827591690381008 2.156199941847751 1.2137199892550843e-06
0.4 1.8646695958658954 2.171332559848017 1.2689612132479126e-06
0.401 1.9012536797229012 2.184535797516475 1.1657703941600861e-06
0.402 1.9336562394626042 2.1934196239089876 9.64581767872168e-07
0.403 1.9595067747821406 2.197039858737219 7.479330592831822e-07
0.404 1.9781860807232057 2.196294386483841 5.674897746029454e-07
0.405 1.9904523222705424 2.1930151424818534 4.368523125867034e-07
0.406 1.9978498063439676 2.1889103648466253 3.4983323274875566e-07
0.407 2.0022332353872434 2.1850841478908736 2.9536620022037495e-07
0.408 2.005385240839027 2.182062012500129 2.636998259678926e-07
0.409 2.0087245392692306 2.1799963811834644 2.4775221438972554e-07
0.41 2.0131731149468743 2.178851259340831 2.42799372972474e-07
0.411 2.0191919763535777 2.178516049435779 2.4584895744963243e-07
0.412 2.02690969099395 2.178862773955821 2.551053919448887e-07
0.413 2.036258753612745 2.17977034800447 2.695927350158261e-07
0.414 2.047077048770102 2.1811325298094366 2.889096128424945e-07
0.415 2.0591693500051367 2.1828587200634515 3.130783393259218e-07
0.416 2.0723394113225555 2.18487208467892 3.4245814475261884e-07
0.417 2.086404526430967 2.1871070078831187 3.7770232221558937e-07
0.418 2.1012010266968084 2.1895067047368126 4.197469472989838e-07
0.419 2.11658567840632 2.1920213004534057 4.698244332584854e-07
0.42 2.1324355306708616 2.1946064752675833 5.294992065397265e-07
0.421 2.148647375680967 2.197222709425238 6.007259035008687e-07
0.422 2.165137272774739 2.199835164653543 6.859332404830573e-07
0.423 2.1818402732827176 2.2024142710038697 7.881395208425241e-07
0.424 2.198710380427858 2.2049371353148395 9.111089636276247e-07
0.425 2.2157207793261833 2.2073899408184405 1.0595619614169276e-06
0.426 2.23286441572917 2.2097715576718353 1.2394571899084775e-06
0.427 2.2501550565868125 2.2120986174888766 1.4583691146254587e-06
0.428 2.2676290145441556 2.2144122983089556 1.725990049656989e-06
0.429 2.2853477513153484 2.216786985248188 2.054788860916822e-06
0.43 2.3034015747199934 2.2193407702360597 2.4608516909986937e-06
0.431 2.3219145714130485 2.2222473772346167 2.964897060293677e-06
0.432 2.341050680592027 2.225748484222972 3.593361281083038e-06
0.433 2.3610202199746113 2.230164465248263 4.379213734975111e-06
0.434 2.3820848548036553 2.235900089746403 5.361645101694537e-06
0.435 2.404556355351981 2.243439247939273 6.582779507328894e-06
0.436 2.4287798903198636 2.2533186723694665 8.078037310985464e-06
0.437 2.4550865742202683 2.2660650058839216 9.855598368884096e-06
0.438 2.4836977497911645 2.2820765906994978 1.1863271468317025e-05
0.439 2.5145807041719688 2.3014443602049806 1.3955533982565057e-05
0.44 2.5473152170840088 2.3237519151427586 1.5901477473722123e-05
0.441 2.5811257647817807 2.3479434112943034 1.7484395212027435e-05
0.442 2.6152901145488925 2.372216851822239 1.868103198839266e-05
0.443 2.650185414424833 2.392979558014947 1.9822321197872876e-05
0.444 2.690129312482327 2.3957880057509877 2.1629612798091973e-05
0.445 2.754020748912092 2.3228791115973237 2.31187101213162e-05
0.446 2.841119645736408 2.369236709534446 8.605164499744089e-06
0.447 2.7703004091418153 2.461564797478991 3.493329596888974e-06
0.448 2.7485846696552856 2.5291358905323027 5.662826956145231e-06
0.449 2.7746431310158153 2.6347604750822398 9.39064882086385e-06
0.45 2.865484660204969 2.969904736123379 1.346355973139281e-05
0.451 2.9764936994681945 3.275167587983367 3.273250074398962e-06
0.452 2.911026309909805 3.3837968582352778 5.302519072666479e-07
0.453 2.8091204428426586 3.4365131048864286 5.670724553821801e-07
0.454 2.7789918204837445 3.4734015596067427 8.747179120760189e-07
0.455 2.7726636818032655 3.508490766527548 1.1789051710402858e-06
0.456 2.7743559182420117 3.5667765647700445 1.45294402427795e-06
0.457 2.779748765976147 3.889507908214246 1.698005647709085e-06
0.458 2.787250053351955 3.9992930408559326 1.915409683259965e-06
0.459 2.796074379155855 4.031972402722135 2.1043214591852007e-06
0.46 2.805731166497545 4.054153310846379 2.2631327124445056e-06
0.461 2.815868175316867 4.0725601940904825 2.3908951650812144e-06
0.462 2.826220130957904 4.088897037436865 2.4881172413533137e-06
0.463 2.8365898452976133 4.1037923138227566 2.556899234774215e-06
0.464 2.8468381868760093 4.117540878067587 2.6006060471620604e-06
0.465 2.8568754118686073 4.130314061275579 2.6233328412683434e-06
0.466 2.8666522253164306 4.142232730442134 2.62937302630682e-06
0.467 2.8761509155841427 4.153394945287638 2.622808256515993e-06
0.468 2.8853772897363466 4.163886261697968 2.6072564470361413e-06
0.469 2.8943539423178337 4.173782941765833 2.5857606227366476e-06
0.47 2.9031150833569463 4.183152163151036 2.560779662472232e-06
0.471 2.9117029229951688 4.192050785913941 2.5342414352078893e-06
0.472 2.920165511347445 4.2005230009772525 2.50762840643587e-06
0.473 2.928555966105938 4.208596375574732 2.4820783078153176e-06
0.474 2.9369332031845077 4.21627491642759 2.4584950495465984e-06
0.475 2.945364707441385 4.223526180182311 2.437678461936253e-06
0.476 2.9539328282599695 4.2302558797809775 2.420500081452659e-06
0.477 2.9627484094427765 4.236254321659632 2.4081868454688206e-06
0.478 2.9719819637122598 4.241073179156551 2.4028516646505928e-06
0.479 2.9819428199578066 4.243708637189397 2.408594848226809e-06
0.48 2.993312740502016 4.241669930222111 2.4339043276691567e-06
0.481 3.0080034720232476 4.2279645338943554 2.4957848200012255e-06
0.482 3.0334713866532197 4.187278692077757 2.592551720986379e-06
0.483 3.0989787778557516 4.194580549417908 1.6869695409034114e-06
0.484 3.013589492955987 4.309651255835163 6.952111504123416e-07
0.485 3.003256939491043 4.339386689148721 1.1134450192755804e-06
0.486 3.0091794113621555 4.352203997166098 1.2688133332779837e-06
0.487 3.0135768506467158 4.362637199220837 1.3393953708406253e-06
0.488 3.016320282261518 4.3724726612100495 1.4182696600785738e-06
0.489 3.0196475044208726 4.381764181940784 1.5646884709455769e-06
0.49 3.0274161367219024 4.391526129909628 1.8344894135291883e-06
0.491 3.0572655879115813 4.418691246497522 2.638505630390474e-06
0.492 3.0455727071836365 4.38489422003478 1.326977358346356e-06
0.493 3.0640780029819363 4.39969002609497 1.6276480699383834e-06
0.494 3.088576327872504 4.414061313032068 1.4755245122176918e-06
0.495 3.1240642459670083 4.433965276115193 8.623991950534797e-07
0.496 2.678326493467762 4.437398092402478 3.1304379725532047e-09
0.497 2.8488132936005055 4.2294805475513355 6.059159249805793e-06
0.498 2.966971600155333 4.31892239244934 1.1295517428171798e-05
0.499 3.014083952940541 4.360824703551422 1.3804454818131841e-05
