0.255
0.194
0.178
0.202
0.184
0.237
0.19
0.171
0.195
0.18
0.204
0.185
0.242
0.191
0.173
0.197
0.181
0.208
0.186
0.247
0.192
0.175
0.198
0.182
0.213
0.187
0.25
0.193
0.176
0.2
0.183
0.225
0.188
0.254
0.194
0.178
0.201
0.184
0.236
0.189
0.17
0.195
0.179
0.204
0.185
0.241
0.19
0.172
0.196
0.18
0.207
0.186
0.245
0.192
0.174
0.198
0.182
0.211
0.187
0.249
0.193
0.176
0.199
0.183
0.22
0.188
0.253
0.194
0.177
0.201
0.184
0.233
0.189
0.169
0.195
0.179
0.203
0.185
0.24
0.19
0.172
0.196
0.18
0.206
0.186
0.244
0.191
0.174
0.197
0.181
0.209
0.187
0.248
0.192
0.175
0.199
0.182
0.216
0.188
0.252
