0.189
0.188
0.187
0.184
0.181
0.175
0.247
0.202
0.19
0.178
0.204
0.184
0.206
0.18
0.193
0.23
0.177
0.186
0.194
0.205
0.246
0.175
0.182
0.187
0.191
0.195
0.201
0.215
0.245
0.17
0.176
0.181
0.184
0.187
0.19
0.193
0.196
0.2
0.207
0.232
0.246
0.169
0.174
0.178
0.181
0.184
0.187
0.189
0.192
0.194
0.197
0.201
0.207
0.227
0.243
0.252
0.172
0.176
0.179
0.182
0.185
0.187
0.189
0.191
0.194
0.197
0.2
0.205
0.215
0.239
0.248
0.169
0.174
0.178
0.18
0.183
0.185
0.187
0.19
0.192
0.194
0.197
0.2
0.205
0.216
0.239
0.248
0.169
0.174
0.177
0.18
0.183
0.185
0.187
0.189
0.192
0.194
0.196
0.199
0.204
