0.1 0.0 3.2657625584172794e-06
0.101 0.0027224062807921974 3.338373254776184e-06
0.102 0.0054951915652058534 3.4118294462332224e-06
0.103 0.008325046205561319 3.486166504813906e-06
0.104 0.011219244866433975 3.56138640034103e-06
0.105 0.014185586074880914 3.637443563506074e-06
0.106 0.01723226457334939 3.714227945715992e-06
0.107 0.020367652803629472 3.7915457340813907e-06
0.108 0.023599967491200503 3.869098942732919e-06
0.109 0.026936802402905996 3.946466185201354e-06
0.11 0.030384522125948173 4.023088273889146e-06
0.111 0.0339475371453817 4.098263649541522e-06
0.112 0.03762751833209717 4.171159525725018e-06
0.113 0.04142265520657284 4.240844305617833e-06
0.114 0.04532710572250624 4.306344499825481e-06
0.115 0.04933080719000339 4.366724619982956e-06
0.116 0.05341979714580714 4.421181862692968e-06
0.117 0.0575771163612227 4.469140668692152e-06
0.118 0.06178424122312801 4.5103282805904336e-06
0.119 0.0660228533368331 4.5448138200623686e-06
0.12 0.0702766513379879 4.573000835669801e-06
0.121 0.07453288779254726 4.595574567828995e-06
0.122 0.07878338513298774 4.613416114278227e-06
0.123 0.08302492112076286 4.627502182253593e-06
0.124 0.0872590235031094 4.638809377382053e-06
0.125 0.09149132529775457 4.648237063596819e-06
0.126 0.0957306810156471 4.656555564541439e-06
0.127 0.09998823361985783 4.6643797336114306e-06
0.128 0.10427657407666957 4.672163409313688e-06
0.129 0.10860907556532871 4.680208332583763e-06
0.13 0.11299943158281639 4.688681156429967e-06
0.131 0.11746139023135335 4.697633345027337e-06
0.132 0.12200865675813126 4.707020278440191e-06
0.133 0.12665492944798964 4.716717270199056e-06
0.134 0.13141403548998756 4.726531253814424e-06
0.135 0.1363001393033171 4.736207563459075e-06
0.136 0.1413280030666319 4.745431575197097e-06
0.137 0.1465132861373317 4.753825066484986e-06
0.138 0.15187287579575404 4.760937065878542e-06
0.139 0.15742524596368287 4.766228756296259e-06
0.14 0.16319084305106873 4.76905170079025e-06
0.141 0.16919249866701058 4.768618305246013e-06
0.142 0.17545586708393734 4.763963044771852e-06
0.143 0.18200988003939797 4.75389260584308e-06
0.144 0.18888720082346522 4.736922829104919e-06
0.145 0.19612464033591342 4.711200372408905e-06
0.146 0.2037634644443667 4.6744077290743255e-06
0.147 0.21184946554823486 4.623652338902188e-06
0.148 0.22043257743001585 4.555345269506752e-06
0.149 0.22956565898114176 4.465084404426727e-06
0.15 0.23930182599926256 4.347574414839683e-06
0.151 0.24968932446172049 4.196645079357322e-06
0.152 0.26076235468538944 4.005474081994052e-06
0.153 0.2725254114299671 3.767177580483871e-06
0.154 0.28492755414651727 3.4759807876542e-06
0.155 0.2978215476947118 3.129162721285732e-06
0.156 0.3109009622518509 2.729772655275459e-06
0.157 0.3236056867144064 2.289614712195955e-06
0.158 0.3349816329165635 1.831220415967988e-06
0.159 0.3434732400788416 1.3869434251927416e-06
0.16 0.34663627061449964 9.938409704933743e-07
0.161 0.3409158611772643 6.851855801693126e-07
0.162 0.3224522802956482 4.820947708225717e-07
0.163 0.291432447537462 3.893441713237796e-07
0.164 0.2576228699394739 3.9693591570127595e-07
0.165 0.23304372954228705 4.856074652465933e-07
0.166 0.2207383423165863 6.330262226153107e-07
0.167 0.21784697903848096 8.183362525666522e-07
0.168 0.22109811910872554 1.02442305502024e-06
0.169 0.2282753825399741 1.238383227414157e-06
0.17 0.23806293197398576 1.4509845602676892e-06
0.171 0.24971367515153714 1.6557397552923481e-06
0.172 0.26281781386924763 1.8479519917575312e-06
0.173 0.2771649701162269 2.023889085230825e-06
0.174 0.2926637631595588 2.1801340852526644e-06
0.175 0.3092934251418096 2.3131214617105994e-06
0.176 0.32707259913108144 2.418871018743216e-06
0.177 0.34603699305452995 2.4929534744813914e-06
0.178 0.36622141626882154 2.5307417066174392e-06
0.179 0.3876442328117396 2.5279958365502524e-06
0.18 0.4102941714381444 2.481771408090453e-06
0.181 0.43412093642737715 2.3915132014953303e-06
0.182 0.459031888953065 2.2600315850173837e-06
0.183 0.48489667405834364 2.0939487878060798e-06
0.184 0.5115597329406585 1.9032755367162905e-06
0.185 0.5388576592167934 1.70008117590435e-06
0.186 0.5666357637541654 1.496620900689206e-06
0.187 0.5947576198923996 1.3035286590530994e-06
0.188 0.6231034275553015 1.1286100743416139e-06
0.189 0.6515570325367522 9.764505002313544e-07
0.19 0.6799858675141078 8.487163986963219e-07
0.191 0.7082214691551741 7.448499701247161e-07
0.192 0.7360492959462043 6.628596358651511e-07
0.193 0.7632142608713477 6.000113633046388e-07
0.194 0.7894426581052544 5.533394760351959e-07
0.195 0.8144741640551569 5.19974482849784e-07
0.196 0.8380932266442889 4.97323331147937e-07
0.197 0.8601501592396016 4.831465301494536e-07
0.198 0.8805676452281795 4.7557109487706584e-07
0.199 0.8993343716192365 4.730681182780519e-07
0.2 0.9164909473957161 4.744140251152116e-07
0.201 0.9321135108903995 4.786470024972552e-07
0.202 0.9462987887151553 4.850249065491986e-07
0.203 0.9591523841385168 4.929876636297357e-07
0.204 0.9707806067894419 5.021252579420492e-07
0.205 0.9812853777085362 5.121513512324291e-07
0.206 0.9907614819443683 5.228820705660626e-07
0.207 0.999295463532456 5.342192986291948e-07
0.208 1.006965593604532 5.461377649465293e-07
0.209 1.0138424964033699 5.58675281089978e-07
0.21 1.0199901491835137 5.719255401924133e-07
0.211 1.0254670693377415 5.860329850184171e-07
0.212 1.030327567854889 6.011893265611507e-07
0.213 1.034622989025052 6.176313609651812e-07
0.214 1.0384028792489761 6.35639784763669e-07
0.215 1.0417160391035236 6.555387471783521e-07
0.216 1.0446114175868195 6.776959046246352e-07
0.217 1.0471388099483654 7.025227580690309e-07
0.218 1.049349324106525 7.304750600487438e-07
0.219 1.051295587926189 7.620530766210078e-07
0.22 1.0530316820138141 7.978014819216972e-07
0.221 1.054612800270357 8.383086512840237e-07
0.222 1.0560946617489402 8.842051050893362e-07
0.223 1.0575327195273558 9.361608422641592e-07
0.224 1.0589812316194267 9.948812926045563e-07
0.225 1.0604922717372276 1.0611016145018291e-06
0.226 1.0621147613713093 1.1355790733362225e-06
0.227 1.0638935983306257 1.219083260408776e-06
0.228 1.065868941834714 1.3123839576379806e-06
0.229 1.0680756933963504 1.4162365240963536e-06
0.23 1.0705431898773776 1.5313647805916515e-06
0.231 1.0732951039561514 1.6584415002898837e-06
0.232 1.0763495305873179 1.7980667764876112e-06
0.233 1.0797192273262752 1.9507447291934506e-06
0.234 1.0834119717433741 2.1168592217160493e-06
0.235 1.087430999670887 2.296649473281102e-06
0.236 1.0917754922392817 2.4901866549132357e-06
0.237 1.0964410859721412 2.6973527201396755e-06
0.238 1.1014203872059727 2.9178228235188777e-06
0.239 1.106703478730619 3.15105269347464e-06
0.24 1.1122784121507596 3.396272230364958e-06
0.241 1.11813168376035 3.6524863842772774e-06
0.242 1.124248694696243 3.91848403047731e-06
0.243 1.130614197990781 4.192855120119412e-06
0.244 1.1372127361853523 4.474015871983923e-06
0.245 1.1440290737809438 4.760241233366896e-06
0.246 1.1510486293865048 5.0497033289518045e-06
0.247 1.158257913392675 5.340514189990552e-06
0.248 1.1656449787752188 5.63077075947298e-06
0.249 1.1731998956965908 5.9186000331506134e-06
0.25 1.1809152655347581 6.202202231175854e-06
0.251 1.1887867977135749 6.479890086943548e-06
0.252 1.1968139846881205 6.750122652870724e-06
0.253 1.2050009292066566 7.011532406338545e-06
0.254 1.2133574083292815 7.26294483968841e-06
0.255 1.2219003102171995 7.503390112022797e-06
0.256 1.230655673020259 7.732106823468983e-06
0.257 1.2396617388609819 7.948539061122738e-06
0.258 1.248973838616351 8.152331598705277e-06
0.259 1.258672939357977 8.343342502761058e-06
0.26 1.2688827717768156 8.521751862125305e-06
0.261 1.2798124967948101 8.688627629481722e-06
0.262 1.2919099697932932 8.849068283836118e-06
0.263 1.3069825984826444 9.040032736329584e-06
0.264 1.2832442641480484 7.786861956436333e-06
0.265 1.32667159597069 8.861184591995256e-06
0.266 1.3468189627874965 8.835264901886525e-06
0.267 1.3700607817590398 8.566656284792238e-06
0.268 1.399633761220747 7.866185332716165e-06
0.269 1.4391198987935385 6.342630780385071e-06
0.27 1.490732732434638 3.6898705806084666e-06
0.271 1.5431670382353064 9.278303831299173e-07
0.272 1.3128004011803587 3.2814840163564625e-08
0.273 1.2139745187110962 7.277608618011667e-07
0.274 1.2396698930624883 1.7362645684640868e-06
0.275 1.2638045699716318 2.538511357931959e-06
0.276 1.284204462918548 3.0741786367872584e-06
0.277 1.301830228105776 3.3912930520434403e-06
0.278 1.317602340850009 3.5420837369331984e-06
0.279 1.3321951732113448 3.565023885627705e-06
0.28 1.3461159333619246 3.4857052082426654e-06
0.281 1.3598133447242098 3.3196029510167786e-06
0.282 1.3738443044548359 3.0724099587671e-06
0.283 1.3893586988619493 2.7327450786289617e-06
0.284 1.4108991177730106 2.2260988877750407e-06
0.285 1.5325839147078693 9.901314067376436e-07
0.286 1.381675555106147 3.4328141973200088e-06
0.287 1.4098713918655819 2.245010465565373e-06
0.288 1.4259001900913608 1.6988658948356134e-06
0.289 1.439048447511079 1.2699167615181436e-06
0.29 1.4507036500868884 8.991051064198505e-07
0.291 1.4609231570667496 5.770051672252008e-07
0.292 1.4685446661682608 3.0589480298215476e-07
0.293 1.4646883532398784 9.665256273398891e-08
0.294 1.2016526279411945 1.608651249424958e-08
0.295 1.1852131902373193 6.45275642213493e-07
0.296 1.3203480568452195 5.568279455044658e-07
0.297 1.3134296900242177 2.231014335328441e-07
0.298 1.2557773601550384 1.671903313595071e-07
0.299 1.2079200474951384 2.1548071716861356e-07
0.3 1.1833577243385036 3.185084461731993e-07
0.301 1.1728870722902804 4.5516687091153074e-07
0.302 1.169561534925015 6.12719350465693e-07
0.303 1.1699066253935502 7.820345306338628e-07
0.304 1.172188854936773 9.561505353314951e-07
0.305 1.1754885594350246 1.1297185639966144e-06
0.306 1.179285509950919 1.2987048320015726e-06
0.307 1.1832684200946597 1.460174735468258e-06
0.308 1.1872416100477794 1.6121097502897081e-06
0.309 1.1910761277701434 1.753245919648169e-06
0.31 1.1946824938391216 1.882933632501592e-06
0.311 1.1979945662364355 2.0010204787099393e-06
0.312 1.2009593847518047 2.1077586556443486e-06
0.313 1.203530319484035 2.203737955030319e-06
0.314 1.205662036984367 2.2898455968478955e-06
0.315 1.2073063915606352 2.3672554869878004e-06
0.316 1.2084086483344236 2.4374522840012825e-06
0.317 1.208903587618044 2.5023007821274287e-06
0.318 1.2087110951121998 2.564180227354264e-06
0.319 1.2077308485077418 2.6262197414927444e-06
0.32 1.205835704329369 2.6927023344603762e-06
0.321 1.202863431033184 2.7697670553100833e-06
0.322 1.198606665091863 2.866668729943531e-06
0.323 1.1928017135781925 2.998143930489533e-06
0.324 1.185118830060582 3.189124230390177e-06
0.325 1.1751614015667073 3.4848475215845188e-06
0.326 1.1624919153819282 3.974691651220512e-06
0.327 1.146722353910005 4.855723459898669e-06
0.328 1.1277380517678974 6.6333774288388275e-06
0.329 1.1061800051818214 1.093518033806908e-05
0.33 1.0846730211670395 2.5537554656555815e-05
0.331 1.0765716052768077 0.00014576139309371708
0.332 1.4449586024284728 0.0006624757620025708
0.333 1.473950846988845 4.9949055390349424e-05
0.334 1.4606463549188622 1.881229506537744e-05
0.335 1.4460602217511618 1.0916461534148617e-05
0.336 1.4330722192832743 7.771595275846462e-06
0.337 1.4219635229894638 6.274168071592845e-06
0.338 1.4125499203228011 5.690341964578381e-06
0.339 1.4084952232580492 7.385613073697698e-06
0.34 1.4314000554988215 1.651044103557276e-06
0.341 1.4020323521875335 2.392025801663499e-06
0.342 1.3956440826741139 2.3472530886740583e-06
0.343 1.3922275278322822 2.0785304150619503e-06
0.344 1.3897988125404972 1.3737116328446074e-06
0.345 1.3017746991282833 1.3299813421756801e-05
0.346 1.376728971056796 3.4560794458932235e-06
0.347 1.377284929109192 2.473255560764899e-06
0.348 1.3456044482932954 1.7955783356744967e-06
0.349 1.3204222309684377 3.6611888854677803e-06
0.35 1.3551288311979297 4.476730953168986e-06
0.351 1.3759012843100495 4.369509782656794e-06
0.352 1.3927891025055277 4.130534884156954e-06
0.353 1.4091793041627945 3.7452079710324206e-06
0.354 1.4242182608906646 3.1970890868593593e-06
0.355 1.4353526589428511 2.5785486137962317e-06
0.356 1.4406241950251168 2.027602484090879e-06
0.357 1.4402602434856626 1.6211470365604613e-06
0.358 1.4364649869383996 1.35675470386928e-06
0.359 1.4320512055159518 1.1956651410774064e-06
0.36 1.429297327799952 1.0966847161584914e-06
0.361 1.4296852711217614 1.0273248422069666e-06
0.362 1.4343079524807585 9.637807377543505e-07
0.363 1.444650955870681 8.884778037671352e-07
0.364 1.4641035214064537 7.895378522413986e-07
0.365 1.5024371482584715 6.72007302367105e-07
0.366 1.5895905297798965 6.691224516690274e-07
0.367 1.7397085425345862 3.3079530006471888e-06
0.368 1.2773023023603374 8.62735941305206e-05
0.369 1.3524536571457382 6.228603239045098e-06
0.37 1.381569310308236 3.133831851227097e-06
0.371 1.4020414429828902 2.1267794617891662e-06
0.372 1.4190505695970435 1.5721174469875635e-06
0.373 1.434669652876387 1.1788649067865226e-06
0.374 1.4501645812357045 8.611838200935378e-07
0.375 1.46684518963392 5.889345529879508e-07
0.376 1.4870997667607928 3.543034034746283e-07
0.377 1.5181195357602981 1.641110002600618e-07
0.378 1.5998612594747106 4.267966480179309e-08
0.379 1.8535596879115075 4.6046635744560167e-08
0.38 1.9469686211082664 3.009885179138427e-07
0.381 1.9828027591593969 1.116993132681919e-06
0.382 2.0094288024557714 3.364943365611693e-06
0.383 2.037072652350443 1.0186648197113115e-05
0.384 2.073956883994576 4.152421540628169e-05
0.385 2.5154778107540574 0.0024816561187591237
0.386 2.275614450400996 1.7293086785331507e-05
0.387 2.3687144816106365 3.6500204295853346e-05
0.388 2.4332274242197514 2.6800034967966833e-05
0.389 2.4728907914151175 1.8181105098213187e-05
0.39 2.503391729057558 1.2663105759556824e-05
0.391 2.533751809919294 8.779223107470028e-06
0.392 2.575433764943743 5.506278707069716e-06
0.393 2.675657891055742 2.373573777419101e-06
0.394 3.025561896221233 6.39066649926952e-06
0.395 3.313530116771078 3.461383744542138e-05
0.396 3.423637590487509 2.3397109396700466e-05
0.397 3.465006090371731 1.796863058654809e-05
0.398 3.488141291619062 1.5691386405195163e-05
0.399 3.5041146133291665 1.4846049165733838e-05
