2.279299128000834340e+00
2.298085405807944070e+00
2.317388971011056675e+00
2.337171849156301828e+00
2.357428685363665455e+00
2.378181565131358255e+00
2.399472463358354180e+00
2.421355773107410680e+00
2.443892527956759597e+00
2.467146974706347251e+00
2.491185327395170290e+00
2.516075983501378843e+00
2.541890258742082409e+00
2.568702763974624936e+00
2.596590817653344097e+00
2.625632660740679025e+00
2.655904642426309969e+00
2.687477924355231806e+00
2.720415556110624689e+00
2.754770924538167076e+00
2.790588476663502071e+00
2.827907206570520859e+00
2.866766741565077048e+00
2.907215158179125236e+00
2.949317164860127072e+00
2.993161204340768045e+00
3.038864389400506738e+00
3.086574851418874665e+00
3.136471816524739165e+00
-3.094421004087717808e+00
-3.039495696824453752e+00
-2.981672618354844762e+00
-2.920658236748610026e+00
-2.856127950392782999e+00
-2.787722899564422985e+00
-2.715047871661993906e+00
-2.637673014671400917e+00
-2.555142877783764810e+00
-2.466996827649751367e+00
-2.372804828864487625e+00
-2.272221342841495240e+00
-2.165056828092152941e+00
-2.051360207873230479e+00
-1.931496865041675726e+00
-1.806197729928820994e+00
-1.676551415762119968e+00
-1.543919733084602619e+00
-1.409779237227222426e+00
-1.275519600585027780e+00
-1.142247692333129505e+00
-1.010642491941562415e+00
-8.808831494956949060e-01
-7.526454377825934072e-01
-6.251447190695705869e-01
-4.972009858734364740e-01
-3.673097986353492383e-01
-2.337163202381316307e-01
-9.450475543117353716e-02
5.226885734296297936e-02
2.083592759679667172e-01
3.749891564209221206e-01
5.523786038875525550e-01
7.392509653161972727e-01
9.325701964853516657e-01
1.127822073421718807e+00
1.319926159827433665e+00
1.504425761799883077e+00
1.678374615015449933e+00
1.840588456567862741e+00
1.991363893844699140e+00
2.131965092458386835e+00
2.264069752426121962e+00
2.389015768345531310e+00
2.505236158156526116e+00
2.581202083725274488e+00
-2.697722823901788303e+00
2.985145906619506295e+00
3.139648142453244972e+00
-2.955118894402158691e+00
-2.738734858508316883e+00
-2.266734492161616377e+00
-2.149897428841522906e+00
-1.949868983163812297e+00
-1.474500407302214544e+00
-3.973319272671395619e-01
2.283873848109395643e-01
4.463552114650983782e-01
5.435183320269252327e-01
5.930978979723718902e-01
6.201821494094276188e-01
6.373717031608003847e-01
6.524839051758924979e-01
6.701627116915410687e-01
6.924877424140293281e-01
7.198389102069485679e-01
7.518858060360200657e-01
7.883560223427293900e-01
8.294972919621058649e-01
8.763616009082677571e-01
9.311066270369785514e-01
