0.000000000000000000e+00
4.024139010446712433e-03
8.163499053898610677e-03
1.240525911145941816e-02
1.674203548865385235e-02
2.117164133640653950e-02
2.569610422965767568e-02
3.032041384100779904e-02
3.505135948457781259e-02
3.989667014611786300e-02
4.486453041252939228e-02
4.996343569231634363e-02
5.520227850177349127e-02
6.059052574975512528e-02
6.613835014615558616e-02
7.185660949855221524e-02
7.775661909598498289e-02
8.384972925689143652e-02
9.014679380391175945e-02
9.665767841781282288e-02
1.033909858383008223e-01
1.103541468390062535e-01
1.175539403751999085e-01
1.249973891948213539e-01
1.326928728251811351e-01
1.406512489550032219e-01
1.488867933571809410e-01
1.574178440999070006e-01
1.662671350297729445e-01
1.754618915987783134e-01
1.850338150984328078e-01
1.950190892600253689e-01
2.054585060775183936e-01
2.163977307436492636e-01
2.278876156869703018e-01
2.399843391327024789e-01
2.527489950241640915e-01
2.662461150493684037e-01
2.805404902662284039e-01
2.956916377502443738e-01
3.117454286622718396e-01
3.287229022936666856e-01
3.466072682272332561e-01
3.653315199390418933e-01
3.847705447836267667e-01
4.047422226290689484e-01
4.250206981523660388e-01
4.453614713903827349e-01
4.655334683018049202e-01
4.853503533895580646e-01
5.046939120303411963e-01
5.235259224240942366e-01
5.418892054933109881e-01
5.599012305187165417e-01
5.777440354803979883e-01
5.956528919685563084e-01
6.139040161431721376e-01
6.327992337429324543e-01
6.526430264965026318e-01
6.737052561290215458e-01
6.961628266908005402e-01
7.200195498288495255e-01
7.450199307648655012e-01
7.705959612094641642e-01
7.958935808104953269e-01
8.198864749148417896e-01
8.415078113085064926e-01
8.596767194872181328e-01
8.730892077250221872e-01
9.605310466078725851e-01
9.897576862705522727e-01
1.020142335892806118e+00
1.051878401055461376e+00
1.085346874709437248e+00
6.658539906109410822e-01
5.617436262204895669e-01
9.178096704804673822e-02
9.895836351171755085e-02
1.063196418727481996e-01
1.156829002214027485e-01
1.281934235457104776e-01
1.473418168575126030e-01
1.821635525062627325e-01
7.905462527687508179e-02
9.318933662924150374e-02
1.230058739950922603e-02
4.822254856155971936e-02
6.530990586607132720e-02
5.270041349787182167e-02
3.662745707946236245e-02
4.115732350845783399e-02
8.026571564802381653e-02
9.549513898364976605e-02
1.123833744119455275e-01
1.293361484189373412e-01
3.309752053803163147e-02
1.407829169352232089e-02
1.549322703196421569e-01
1.376033260299078798e-01
1.441516458295460934e-01
