2.307533603460211677e-05
2.690533676481669697e-05
3.104041560712873685e-05
3.546120009231410115e-05
4.015845801060229472e-05
4.513643426206247666e-05
5.041475584030079792e-05
5.602931957641749550e-05
6.203264914405947445e-05
6.849411072232959162e-05
7.550018353498079795e-05
8.315475408044402644e-05
9.157918904485438125e-05
1.009117813251709812e-04
1.113060936304000043e-04
1.229277817374568285e-04
1.359496966234370044e-04
1.505454533807765009e-04
1.668821819946134230e-04
1.851137379015558183e-04
2.053760747207621095e-04
2.277865673372836289e-04
2.524486850607021281e-04
2.794625773699827313e-04
3.089410687860300628e-04
3.410296064314595368e-04
3.759281743699353028e-04
4.139132177738872134e-04
4.553581153761962811e-04
5.007514383722869470e-04
5.507128152612904108e-04
6.060063887231350319e-04
6.675513601239011375e-04
7.364277624566834034e-04
8.138731921317214537e-04
9.012626256941436370e-04
1.000058726431881295e-03
1.111714882302966122e-03
1.237509586801914486e-03
1.378292948214678362e-03
1.534141373469147468e-03
1.703953832653797061e-03
1.885086903242662315e-03
2.073202021490663967e-03
2.262540148244313910e-03
2.446774118097187495e-03
2.620375991678361265e-03
2.780149390744115004e-03
2.926411009157790701e-03
3.063428339957919872e-03
3.199081451805138327e-03
3.344063838656942053e-03
3.511052165912701296e-03
3.714144057366357277e-03
3.968619744426653620e-03
4.290843168211914797e-03
4.697898655422257964e-03
5.206314516560643299e-03
5.828947392316049560e-03
6.568989288264575309e-03
7.410750865792829593e-03
8.309450006999723193e-03
9.186975188061743264e-03
9.943797587070040897e-03
1.049051397641971757e-02
1.078430432913489445e-02
1.084463994980716661e-02
1.073790049954967234e-02
1.054622871266992258e-02
1.034209619645944447e-02
1.017701606600393376e-02
1.008028125156869639e-02
1.005937263990216470e-02
1.009101111297936761e-02
1.012886785031339235e-02
1.321870905153195962e-02
1.150928477181687587e-02
1.115296700106694315e-02
1.015322286465911682e-02
7.646883449374568958e-03
3.393202851863421927e-03
8.757660325122647348e-04
1.200297849501915683e-02
7.283298612306662867e-02
1.084824204778623569e-01
2.998923007707889055e-02
9.303597566911181449e-03
4.430042719262201369e-03
3.762958008078533777e-03
4.402117626547862733e-03
5.352185306628115882e-03
6.183042260976700025e-03
6.707194183429186427e-03
6.877832178855441264e-03
6.730757176343445461e-03
6.337269588117957521e-03
5.770448446186805455e-03
5.087536080720224917e-03
4.325382428517987599e-03
3.504891758756247498e-03
