2.307533603459064117e-05
2.690533676480641399e-05
3.104041560712854033e-05
3.546120009232160925e-05
4.015845801060854243e-05
4.513643426207322382e-05
5.041475584026989816e-05
5.602931957645216964e-05
6.203264914405184438e-05
6.849411072234481111e-05
7.550018353496773331e-05
8.315475408045294400e-05
9.157918904480838397e-05
1.009117813251929634e-04
1.113060936305046027e-04
1.229277817375055363e-04
1.359496966235142538e-04
1.505454533809591348e-04
1.668821819945044064e-04
1.851137379015309900e-04
2.053760747207866667e-04
2.277865673370463512e-04
2.524486850608078921e-04
2.794625773699407185e-04
3.089410687855590311e-04
3.410296064319363689e-04
3.759281743697614510e-04
4.139132177737778716e-04
4.553581153761064549e-04
5.007514383722753461e-04
5.507128152611080480e-04
6.060063887229502838e-04
6.675513601226370662e-04
7.364277624568409380e-04
8.138731921310490315e-04
9.012626256941558885e-04
1.000058726431774826e-03
1.111714882301972993e-03
1.237509586802714411e-03
1.378292948216088259e-03
1.534141373470126720e-03
1.703953832654370171e-03
1.885086903241605652e-03
2.073202021492597316e-03
2.262540148243453054e-03
2.446774118096049083e-03
2.620375991678782802e-03
2.780149390744497944e-03
2.926411009159070060e-03
3.063428339958087273e-03
3.199081451806316638e-03
3.344063838657957734e-03
3.511052165912463205e-03
3.714144057365790022e-03
3.968619744425885137e-03
4.290843168210071654e-03
4.697898655419255158e-03
5.206314516562260929e-03
5.828947392315692207e-03
6.568989288266135693e-03
7.410750865794532224e-03
8.309450006998684093e-03
9.186975188062718178e-03
9.943797587071154589e-03
1.049051397641143947e-02
1.078430432914244050e-02
1.084463994981081127e-02
1.073790049955453477e-02
1.054622871266910379e-02
1.034209619646108552e-02
1.017701606600667115e-02
1.008028125156477418e-02
1.005937264011817246e-02
1.009101111297925658e-02
1.012886785032111360e-02
1.321870905153002020e-02
1.150928477181183997e-02
1.115296700106567160e-02
1.015322286465128281e-02
7.646883449380077573e-03
3.393202851854355395e-03
8.757660325131839214e-04
1.200297849503448137e-02
7.283298612276925543e-02
1.084824204782470769e-01
2.998923007706218169e-02
9.303597566868880217e-03
4.430042719272803131e-03
3.762958008076011922e-03
4.402117626545994436e-03
5.352185306631959162e-03
6.183042260984858429e-03
6.707194183429027699e-03
6.877832178856310361e-03
6.730757176346535003e-03
6.337269588115564470e-03
5.770448446187562662e-03
5.087536080720220580e-03
4.325382428522800589e-03
3.504891758757313919e-03
